Unsorted array:
77, 9, 44, 46, 27, 71, 38, 66, 82, 51, 36, 47, 76, 6, 51, 57, 76, 88, 73, 7
38, 92, 28, 17, 99, 35, 51, 51, 63, 20, 99, 46, 31, 13, 90, 33, 68, 32, 40, 98
69, 0, 70, 55, 11, 39, 17, 99, 5, 61, 94, 77, 43, 37, 83, 61, 27, 59, 18, 98
60, 72, 96, 17, 65, 4, 87, 61, 60, 58, 2, 84, 2, 9, 56, 23, 74, 21, 70, 78
48, 75, 48, 46, 0, 34, 39, 58, 85, 17, 99, 70, 4, 59, 12, 21, 26, 87, 28, 17
Sorted array:
0, 0, 2, 4, 2, 4, 5, 6, 7, 9, 9, 11, 12, 13, 17, 17, 18, 21, 17, 17
23, 26, 27, 27, 20, 28, 31, 32, 33, 34, 28, 35, 36, 37, 38, 38, 39, 40, 43, 44
46, 46, 39, 46, 47, 48, 48, 51, 51, 51, 51, 55, 57, 58, 59, 60, 60, 61, 61, 61
63, 66, 68, 69, 65, 58, 70, 70, 72, 73, 71, 59, 74, 75, 56, 21, 76, 76, 70, 77
77, 78, 82, 83, 84, 87, 85, 17, 87, 88, 90, 92, 94, 96, 98, 98, 99, 99, 99, 99
Number of swaps: 268
Number of comparisons: 249
Recursion depth: 0
Max depth: 0
