Unsorted array:
42, 379, 82, 373, 173, 401, 332, 13, 3, 52, 24, 148, 121, 151, 165, 474, 281, 372, 384, 13
221, 25, 428, 218, 417, 98, 295, 265, 135, 294, 131, 237, 222, 500, 76, 433, 39, 352, 0, 345
163, 29, 380, 378, 169, 276, 0, 308, 296, 299
Sorted array:
0, 0, 3, 13, 13, 24, 25, 29, 39, 42, 52, 76, 82, 98, 121, 131, 135, 148, 151, 163
165, 169, 173, 218, 221, 222, 237, 265, 276, 281, 294, 295, 296, 299, 308, 332, 345, 352, 372, 373
378, 379, 380, 384, 401, 417, 428, 433, 474, 500
Number of swaps: 145
Number of comparisons: 206
Recursion depth: 0
Max depth: 7
