Unsorted array:
484948, 278023, 346113, 442885, 86588, 169023, 222205, 399833, 208713, 310507, 137938, 408154, 459739, 436195, 40425, 7845, 150686, 299735, 69798, 227910
506383, 74183, 526209, 473947, 203001, 359820, 106717, 311228, 394101, 376591, 518101, 380807, 459310, 523260, 329863, 317482, 61556, 270291, 341210, 200661
521323, 408537, 266137, 21552, 512414, 451398, 135149, 413498, 285819, 459812, 59683, 485494, 492387, 470351, 538919, 87494, 342293, 363622, 343877, 191510
116408, 460496, 516437, 533509, 319062, 166665, 463353, 421761, 103851, 143314, 175843, 537660, 98414, 57872, 80356, 269871, 230699, 129241, 384686, 181541
361404, 85305, 360952, 468805, 164144, 193396, 176125, 377804, 366754, 70108, 433977, 306665, 246865, 394477, 7261, 454333, 494812, 423172, 302521, 108775
162611, 489139, 489228, 199907, 426600, 271963, 212684, 334933, 405853, 95340, 102480, 87806, 89859, 354712, 517132, 182078, 329539, 498144, 291253, 375986
261983, 219026, 464921, 210922, 309070, 351567, 352065, 304167, 290063, 379350, 27387, 101950, 363502, 37450, 309635, 8953, 275332, 279009, 195795, 258639
512355, 103274, 494700, 533292, 499813, 41959, 9687, 488945, 470368, 423194, 520249, 409752, 238347, 200934, 477160, 515732, 419331, 32268, 228940, 251753
17445, 214513, 327640, 191269, 509434, 255426, 152436, 425808, 57645, 47089, 385039, 485323, 467406, 67885, 238033, 533434, 134705, 311129, 49823, 57253
209212, 451621, 265273, 73318, 196260, 335194, 508863, 51356, 456104, 340835, 82907, 22773, 345184, 117861, 425336, 103383, 31228, 205757, 415498, 372664
8157, 50921, 427881, 343444, 522396, 280953, 210802, 389420, 309030, 373213, 492710, 481325, 150255, 231971, 501011, 241024, 448571, 146118, 520307, 250118
5135, 359891, 384540, 108639, 203384, 16339, 439646, 51912, 526880, 411883, 54320, 404896, 251447, 222547, 436855, 401827, 7510, 535852, 490309, 304350
499110, 343338, 171633, 280199, 429171, 135758, 416101, 46210, 309832, 140693, 416296, 290024, 22184, 176584, 498402, 195723, 30753, 331387, 435160, 261500
315490, 181191, 472013, 146703, 405783, 148407, 447719, 121537, 394104, 52078, 219540, 265798, 155123, 306105, 91503, 99784, 479061, 137390, 49668, 437272
91088, 309752, 284947, 393096, 464556, 64659, 411641, 181452, 469343, 431470, 32661, 81973, 284557, 521516, 174662, 494817, 374719, 226303, 56339, 49617
272368, 269175, 145304, 174354, 416583, 346924, 373851, 213988, 155667, 212625, 390950, 301867, 104821, 155648, 60723, 35238, 340167, 318874, 417710, 76277
487809, 311745, 114139, 493568, 278559, 140063, 498403, 256712, 499055, 73523, 181441, 445793, 466187, 113864, 97834, 412796, 256544, 477845, 371021, 327303
347373, 244, 70160, 486120, 115378, 456091, 85906, 314203, 327421, 226037, 451281, 10823, 160388, 226986, 187745, 420829, 538168, 115882, 496160, 74108
439339, 176791, 385022, 464343, 254315, 470586, 364294, 243096, 86042, 245547, 228061, 540431, 177361, 482737, 356758, 431629, 419383, 217282, 515300, 429025
94560, 488920, 260007, 99936, 164041, 530822, 234178, 356418, 456990, 129717, 383825, 484036, 413473, 269854, 23388, 167988, 204340, 538230, 533810, 489123
185410, 217080, 232578, 43026, 222619, 297636, 353164, 317920, 253515, 428888, 251974, 492586, 275266, 336337, 178394, 104701, 372645, 205046, 285984, 81160
83515, 102400, 190964, 479514, 327596, 349061, 443006, 474149, 213607, 480061, 285953, 255873, 12120, 508464, 500710, 503967, 168562, 232259, 86758, 364139
256915, 540266, 524349, 145707, 56384, 205105, 45215, 198770, 283833, 407324, 228367, 422741, 5108, 316493, 169105, 505167, 515475, 296319, 50401, 221442
213763, 325421, 113936, 433847, 217603, 21320, 485204, 58362, 161644, 437867, 378750, 55003, 236688, 490227, 232691, 178714, 526615, 240989, 18039, 42600
388805, 384196, 406580, 473055, 308555, 542697, 11735, 174794, 494916, 471075, 443086, 205998, 143797, 311478, 442065, 187229, 166612, 250781, 524748, 248206
31000, 172965, 287819, 488569, 224303, 367041, 165368, 373463, 260696, 541426, 114130, 115157, 191682, 109267, 125379, 226558, 237848, 517333, 272348, 435988
365114, 72754, 198655, 16307, 502742, 532088, 39814, 530091, 352281, 262473, 15026, 338163, 262421, 178228, 229898, 340562, 12658, 76777, 288658, 525419
65296, 260349, 244595, 384073, 472433, 240477, 423785, 534265, 314645, 289554, 426811, 60076, 43888, 501529, 365727, 10080, 273854, 136349, 515701, 473142
344241, 174665, 443047, 421669, 138825, 39505, 41996, 277647, 213694, 414798, 69213, 179715, 374526, 171729, 287230, 474498, 73878, 262931, 463979, 20213
58463, 31875, 207595, 234067, 195603, 234803, 52659, 40536, 526575, 426505, 400639, 299546, 462576, 501704, 407751, 130842, 150467, 527242, 22933, 182246
316921, 183225, 339884, 291533, 353291, 493183, 502816, 490901, 383531, 510771, 471663, 375928, 255308, 383508, 356110, 220924, 196852, 26056, 476866, 378170
237712, 388484, 183240, 544307, 444364, 16925, 83740, 110045, 345199, 101006, 385573, 321416, 486491, 361404, 256209, 1152, 280814, 211368, 219144, 300088
324130, 233958, 32914, 26185, 171184, 397334, 295556, 533596, 168823, 373755, 312986, 474427, 296003, 437411, 483209, 321836, 269347, 222004, 335163, 349656
508165, 30103, 329352, 348600, 316768, 167652, 24413, 213352, 210178, 444994, 259101, 523752, 17464, 79908, 335957, 204895, 58669, 479530, 90000, 349202
102142, 427628, 25077, 139178, 264471, 378038, 190737, 482143, 12183, 494299, 267529, 210013, 467741, 445429, 225444, 176748, 52865, 463800, 79161, 489311
32719, 158959, 418912, 502768, 259632, 538552, 2300, 80126, 307504, 529932, 453826, 194886, 193886, 26171, 45375, 289862, 354269, 421048, 443549, 534149
520699, 448658, 64151, 308553, 249385, 310047, 252004, 369723, 179772, 59544, 40907, 154448, 191107, 204077, 334328, 249052, 17250, 206611, 92939, 131968
79694, 517979, 88918, 273618, 373854, 100436, 409990, 524310, 376308, 487676, 367728, 267747, 467560, 111950, 292728, 181385, 196894, 442983, 19136, 53094
153216, 304851, 279337, 422086, 336436, 286996, 495840, 2746, 75828, 254871, 88463, 644, 384225, 143944, 404935, 6677, 148857, 394213, 69101, 236889
155047, 331241, 82365, 72052, 298653, 40742, 498530, 460851, 71163, 234188, 512850, 282395, 209416, 88495, 266593, 57092, 338671, 433136, 407126, 335103
366706, 532793, 47501, 333041, 322435, 440289, 479412, 511151, 364087, 457631, 521959, 270876, 526074, 425851, 423197, 250645, 48321, 446774, 8032, 196733
95654, 111331, 44260, 317197, 415349, 381890, 138056, 345701, 321595, 149170, 248799, 468114, 371248, 491478, 501873, 309345, 415645, 293751, 65019, 525540
526709, 124634, 151973, 238391, 444528, 86409, 509039, 501166, 351331, 151810, 471418, 408074, 533013, 205782, 465644, 392022, 216463, 126217, 529141, 125470
143558, 91658, 407738, 440158, 293753, 175036, 414574, 307625, 242536, 483166, 260281, 260371, 320604, 251108, 226685, 187483, 60920, 259257, 325704, 441079
521025, 147501, 208520, 442467, 460041, 247261, 500204, 457310, 78235, 355810, 353852, 198201, 122657, 358464, 511857, 58313, 143907, 178680, 461417, 1130
438574, 446340, 204023, 222947, 210027, 146440, 200816, 354794, 197809, 397136, 262201, 207162, 439905, 36538, 507357, 483866, 508237, 482650, 133264, 121250
205303, 182334, 250869, 126098, 350963, 178306, 397263, 443473, 465743, 528813, 462486, 337870, 214693, 201584, 531053, 541193, 506312, 427861, 10850, 35000
475158, 302437, 238577, 417305, 323079, 528903, 104619, 450521, 529157, 495754, 399459, 343575, 380259, 165726, 379817, 238749, 373115, 511413, 149554, 383111
407040, 152189, 428200, 449224, 440745, 156357, 268836, 172761, 197848, 379247, 413268, 435152, 515380, 30928, 63664, 269616, 267387, 97416, 48225, 121299
123918, 299664, 208510, 42606, 204888, 43130, 350554, 2895, 61659, 302550, 198839, 488551, 275724, 20250, 94108, 504159, 326965, 47034, 108089, 174824
418882, 387581, 125474, 245220, 326991, 433916, 71042, 426203, 388843, 491112, 526380, 386294, 184103, 246876, 171161, 118768, 294067, 474108, 8810, 389378
494131, 373202, 515096, 40964, 16057, 35394, 125317, 267514, 465076, 284254, 219101, 483991, 234184, 159170, 124244, 470837, 488348, 299530, 535509, 422918
22118, 529249, 313084, 320812, 113632, 394166, 349214, 364735, 86017, 494885, 108289, 112161, 242699, 249145, 168767, 270558, 99687, 212721, 418679, 185322
2204, 210008, 532900, 225152, 197321, 116946, 150766, 39495, 435726, 188038, 10474, 40566, 64118, 370827, 304676, 378346, 425948, 251179, 527868, 264969
118747, 321381, 169366, 463710, 531165, 14461, 226796, 23676, 39144, 143959, 483394, 178409, 451871, 452096, 501020, 338442, 422980, 271277, 318748, 370480
152819, 400536, 171110, 181953, 143898, 304142, 77938, 511264, 331703, 434290, 75384, 299047, 57548, 200671, 145869, 301038, 226496, 192120, 9894, 83781
117465, 324617, 408935, 380401, 512685, 102980, 250598, 89659, 325219, 123819, 398207, 467860, 471338, 514274, 251031, 249208, 449499, 86604, 33520, 51124
190269, 317772, 327661, 132851, 123119, 465504, 540275, 301588, 461954, 137170, 214934, 169350, 539436, 204195, 327947, 374133, 274865, 135871, 27730, 438616
214503, 9997, 521973, 319426, 12296, 49923, 202925, 101884, 457137, 526106, 442977, 308376, 436841, 426252, 455395, 475013, 415677, 465811, 464654, 254052
324932, 350287, 386277, 327184, 22340, 112259, 496431, 442277, 169092, 180800, 210376, 302798, 115150, 500260, 519530, 131711, 274565, 202905, 92416, 337241
404535, 219606, 17746, 366208, 14624, 176559, 342076, 15215, 35279, 135753, 126983, 205955, 259676, 221316, 334708, 203606, 374233, 394640, 110234, 354997
324351, 196087, 235207, 291280, 196916, 30723, 202002, 2019, 272420, 445192, 76816, 394352, 143212, 47803, 241648, 311685, 504000, 12844, 336669, 270802
23238, 521353, 483812, 481150, 31897, 56343, 270300, 75154, 543545, 273620, 496603, 50790, 506220, 256864, 308801, 526320, 149088, 164938, 449526, 131094
467421, 351483, 359577, 502004, 327962, 66915, 393336, 1021, 200407, 450164, 307594, 222085, 542982, 462436, 365710, 207620, 75355, 482817, 18169, 272981
73999, 55121, 377689, 70644, 345575, 432061, 58751, 500812, 274556, 391006, 253892, 209090, 334068, 53452, 330141, 370021, 183859, 24817, 186738, 102580
13462, 543632, 62479, 58115, 447015, 448212, 534173, 362309, 164186, 518090, 330906, 174524, 280518, 35220, 237654, 519759, 155392, 357459, 66368, 448481
449429, 364028, 476618, 242929, 487573, 389851, 94105, 361438, 247641, 328969, 366390, 32260, 516558, 408338, 143453, 165471, 73672, 281341, 137596, 328552
525243, 466574, 277197, 327559, 3222, 313146, 82322, 226795, 482613, 503258, 317606, 375625, 400655, 329424, 193260, 119703, 284946, 223020, 514595, 395042
535401, 175217, 355089, 510486, 226948, 88588, 278934, 230590, 342785, 121472, 441300, 28355, 43197, 527254, 352692, 423658, 234387, 193935, 348292, 320429
166189, 194998, 31618, 329137, 222215, 245061, 257621, 82597, 254954, 232645, 327772, 331931, 444810, 368444, 434830, 173310, 138712, 346406, 533146, 109704
101450, 476097, 28096, 309117, 39521, 359185, 250584, 11919, 365905, 281126, 22516, 416163, 340933, 339164, 527257, 203932, 513313, 216885, 232831, 302438
324607, 62034, 2263, 81435, 514910, 297803, 173742, 36349, 503920, 524279, 378948, 257831, 133179, 132909, 286905, 530245, 106326, 361237, 482635, 408271
471849, 158579, 229266, 238694, 493004, 60014, 479186, 97884, 341972, 443398, 67291, 480231, 240916, 496472, 496500, 359616, 281115, 18797, 133727, 509768
324670, 211972, 131214, 484187, 514571, 499300, 68687, 544375, 440117, 165788, 157585, 239757, 100087, 111428, 300172, 447, 309817, 476148, 15034, 523325
143851, 374106, 461043, 262455, 12102, 315272, 60673, 191295, 500562, 344264, 288945, 138026, 521547, 27420, 459180, 397252, 389752, 543109, 372447, 124526
532669, 38071, 232729, 35395, 358311, 467125, 158155, 139342, 210378, 494488, 213296, 368454, 409379, 192967, 141108, 390251, 395153, 291049, 29239, 420172
317078, 234380, 460302, 373894, 414948, 322271, 115172, 437126, 170977, 253693, 362286, 537583, 241919, 343729, 237329, 312751, 115649, 52265, 284386, 401673
435715, 309071, 440534, 441693, 243438, 418483, 159846, 128772, 376101, 150379, 351569, 363136, 541955, 414628, 458714, 78036, 263184, 318104, 526, 287194
115095, 351939, 163205, 449179, 213845, 113586, 513438, 159265, 17031, 539705, 316231, 396826, 9686, 111709, 501647, 435596, 23789, 107856, 212087, 428747
248330, 355730, 492410, 291728, 457598, 12246, 344331, 283134, 109492, 123130, 105879, 176982, 350731, 385674, 277435, 393847, 134437, 205594, 3397, 191251
533925, 64827, 489428, 261992, 523019, 282245, 173688, 8082, 55582, 438240, 157717, 262962, 176165, 224666, 406706, 313775, 464459, 476320, 89656, 425269
139365, 498376, 49859, 463756, 261587, 441648, 526523, 378657, 46129, 419834, 259962, 354867, 461795, 100689, 227294, 382973, 356323, 49226, 539365, 30084
77155, 403332, 361826, 345705, 84930, 304839, 13530, 503411, 102057, 213859, 29620, 450442, 294040, 129164, 97277, 156058, 66846, 119401, 35656, 282105
469345, 447437, 35628, 265976, 395728, 532306, 156989, 23979, 87271, 457547, 251545, 64288, 230554, 269743, 288111, 501959, 40790, 521810, 33435, 36748
400333, 358873, 512054, 307865, 300399, 123942, 314187, 316908, 140433, 161023, 31833, 37131, 47010, 298862, 171248, 164459, 462569, 96928, 32429, 101672
494785, 439261, 339028, 202652, 513160, 538008, 132398, 482538, 191744, 462871, 202791, 17568, 96696, 128831, 529280, 373473, 156913, 483271, 263898, 118257
416994, 53070, 238425, 351528, 454487, 200549, 200525, 246814, 271351, 7520, 174549, 515231, 35900, 115515, 413431, 347690, 118879, 171437, 124095, 74385
489875, 526204, 222197, 292205, 412883, 362621, 33191, 435034, 514214, 11601, 514999, 416831, 451653, 283573, 232396, 255402, 116465, 146308, 211338, 224744
255059, 16170, 53032, 226019, 235518, 222598, 818, 383083, 294862, 10989, 326611, 67697, 241299, 354771, 366279, 53258, 427823, 381113, 60209, 106645
298865, 138113, 305003, 500045, 541008, 393569, 336353, 201625, 230713, 186816, 45452, 366339, 358948, 328942, 355794, 252233, 153891, 299250, 131493, 197512
527500, 503339, 462148, 410242, 65163, 208212, 134874, 423289, 434280, 513692, 351719, 171639, 516647, 401944, 526583, 223995, 149550, 293816, 421902, 42311
275138, 348209, 526828, 344417, 444662, 185545, 115437, 167597, 40040, 214206, 502765, 412340, 208324, 94727, 435305, 543695, 128396, 369012, 180695, 258627
205376, 249727, 94035, 66316, 361593, 321362, 217143, 153706, 482425, 303226, 205381, 536856, 61210, 332823, 200558, 67269, 485408, 283095, 491234, 176580
15462, 91511, 506898, 198837, 262627, 267837, 94420, 408063, 247750, 265724, 384595, 236841, 72004, 302521, 207120, 15071, 257000, 376034, 153863, 52048
147704, 344454, 334188, 498135, 83038, 397926, 153452, 210483, 398209, 128986, 9044, 66367, 498188, 25975, 173506, 450079, 360308, 354917, 6023, 145300
263768, 418728, 273365, 445104, 178972, 385425, 392376, 44636, 113945, 153756, 111834, 129187, 329554, 185079, 71507, 463292, 483575, 103527, 170810, 302057
194093, 189991, 66373, 465246, 332184, 473331, 498966, 373946, 488175, 215718, 234163, 193533, 403968, 147717, 136857, 209267, 414341, 248214, 292645, 493223
318697, 336359, 89709, 33882, 33900, 430112, 480786, 512100, 353389, 531544, 276375, 215747, 478144, 164280, 477464, 496520, 146339, 236177, 539647, 126180
428562, 34543, 61557, 41917, 333861, 232687, 202901, 380567, 463334, 1391, 64937, 216032, 435965, 288281, 403887, 60607, 63544, 544223, 57878, 525681
509858, 315766, 276501, 68783, 386369, 375013, 282347, 337348, 223395, 171262, 82973, 504982, 134238, 453654, 210611, 456306, 174556, 89588, 432343, 427363
509848, 256938, 288802, 140748, 487339, 10204, 447226, 231856, 253518, 62855, 359068, 308348, 464823, 81287, 235380, 157028, 237402, 70107, 480933, 527868
520129, 283065, 170658, 386024, 348503, 330860, 141966, 459791, 152768, 412351, 159371, 267682, 140547, 95517, 83568, 542879, 107488, 83145, 105557, 259291
3121, 302653, 4220, 437811, 257243, 314024, 471593, 81355, 325659, 51659, 108082, 133241, 154491, 544434, 341251, 88621, 192856, 354079, 365199, 15171
390506, 264574, 282118, 16356, 431167, 76066, 196166, 354568, 291279, 36729, 300850, 303130, 530624, 292573, 341606, 492391, 265552, 79146, 260636, 329675
506599, 86935, 352967, 168530, 189026, 62275, 253658, 254822, 377008, 329446, 394531, 425691, 119254, 331217, 139512, 409379, 193119, 305443, 344404, 32216
44660, 216679, 482768, 277637, 146786, 107493, 440091, 186044, 320976, 424965, 214267, 216469, 140367, 536051, 110423, 172, 111573, 339151, 137231, 206290
339197, 122740, 232349, 228828, 140271, 305314, 159897, 74952, 163443, 247936, 138551, 480971, 320197, 270586, 533951, 23084, 99188, 71549, 234207, 501089
49345, 505694, 244118, 144214, 133827, 387903, 420650, 447011, 273445, 491515, 291751, 270321, 89147, 256527, 68024, 38232, 133751, 52502, 6170, 523559
463044, 529283, 311104, 36044, 194932, 97597, 335351, 372020, 142730, 206600, 453186, 168683, 376619, 183135, 539558, 9784, 315020, 118442, 485134, 255003
373608, 428872, 5519, 68602, 295871, 283471, 153553, 28865, 23420, 62473, 181689, 290418, 489712, 422286, 248133, 46465, 148302, 280449, 226631, 542927
38042, 484848, 984, 186859, 418774, 72107, 405937, 193970, 12012, 389981, 88702, 91334, 18723, 542304, 323255, 90181, 338151, 328587, 314802, 535656
95728, 120584, 75189, 447430, 293771, 110126, 339621, 100269, 498294, 524881, 516239, 323495, 312346, 38141, 41248, 156068, 2196, 487735, 76180, 186094
620, 28358, 380743, 167921, 22155, 130457, 205749, 536220, 483610, 540459, 447139, 348796, 203937, 266707, 62809, 372958, 172287, 166964, 257659, 472848
529766, 491107, 105991, 407209, 391323, 425231, 420823, 543782, 184965, 348311, 403397, 111598, 27191, 97450, 36247, 26922, 225150, 511298, 447304, 103182
166652, 201603, 426898, 272363, 371442, 107332, 405790, 521476, 196476, 433041, 516448, 231369, 3365, 104377, 334353, 366009, 438279, 225105, 83869, 57645
233633, 236585, 431097, 2812, 282398, 41644, 149435, 511652, 141615, 43647, 370183, 148183, 230517, 478960, 445313, 84618, 212078, 4621, 302679, 462362
99571, 453055, 155143, 457673, 450871, 171652, 405457, 142343, 315844, 127312, 500339, 459359, 436971, 477672, 501777, 182143, 85364, 484102, 190504, 109784
422940, 282115, 89849, 488732, 542226, 406908, 534930, 176483, 177553, 37826, 57198, 464776, 227798, 468690, 292437, 86650, 128104, 88851, 255659, 492489
35459, 491375, 405582, 358937, 340520, 309654, 256100, 21955, 341818, 270341, 542094, 101059, 458908, 271579, 256878, 135327, 462426, 506362, 213209, 263908
534228, 187277, 350115, 374509, 12295, 465466, 236592, 164406, 74100, 427052, 8682, 516953, 531074, 77263, 436640, 322098, 122242, 361859, 163716, 188746
450500, 518754, 131568, 423338, 37499, 443092, 191403, 186906, 260976, 457793, 54169, 466164, 30017, 486975, 281912, 397069, 360919, 289934, 171428, 144062
528755, 274597, 381258, 184493, 461296, 388958, 263120, 35499, 363582, 173121, 386863, 475518, 453959, 238787, 372079, 160230, 502868, 9904, 520696, 63042
196335, 40635, 208138, 154281, 220420, 132480, 101776, 220035, 203370, 247660, 189690, 93860, 517786, 1650, 11851, 84377, 6068, 248197, 534664, 413605
390451, 147261, 457531, 432143, 3215, 408742, 534763, 449932, 525606, 508681, 421096, 78039, 1144, 475710, 78208, 86234, 278534, 484237, 293266, 273541
429779, 439713, 421863, 107399, 353091, 199052, 61071, 382660, 133826, 257264, 397833, 147110, 283941, 303544, 267346, 369576, 1913, 198405, 256968, 50972
Sorted array:
172, 244, 447, 526, 620, 644, 818, 984, 1021, 1130, 1144, 1152, 1391, 1650, 1913, 2019, 2196, 2204, 2263, 2300
2746, 2812, 2895, 3121, 3215, 3222, 3365, 3397, 4220, 4621, 5108, 5135, 5519, 6023, 6068, 6170, 6677, 7261, 7510, 7520
7845, 8032, 8082, 8157, 8682, 8810, 8953, 9044, 9686, 9687, 9784, 9894, 9904, 9997, 10080, 10204, 10474, 10823, 10850, 10989
11601, 11735, 11851, 11919, 12012, 12102, 12120, 12183, 12246, 12295, 12296, 12658, 12844, 13462, 13530, 14461, 14624, 15026, 15034, 15071
15171, 15215, 15462, 16057, 16170, 16307, 16339, 16356, 16925, 17031, 17250, 17445, 17464, 17568, 17746, 18039, 18169, 18723, 18797, 19136
20213, 20250, 21320, 21552, 21955, 22118, 22155, 22184, 22340, 22516, 22773, 22933, 23084, 23238, 23388, 23420, 23676, 23789, 23979, 24413
24817, 25077, 25975, 26056, 26171, 26185, 26922, 27191, 27387, 27420, 27730, 28096, 28355, 28358, 28865, 29239, 29620, 30017, 30084, 30103
30723, 30753, 30928, 31000, 31228, 31618, 31833, 31875, 31897, 32216, 32260, 32268, 32429, 32661, 32719, 32914, 33191, 33435, 33520, 33882
33900, 34543, 35000, 35220, 35238, 35279, 35394, 35395, 35459, 35499, 35628, 35656, 35900, 36044, 36247, 36349, 36538, 36729, 36748, 37131
37450, 37499, 37826, 38042, 38071, 38141, 38232, 39144, 39495, 39505, 39521, 39814, 40040, 40425, 40536, 40566, 40635, 40742, 40790, 40907
40964, 41248, 41644, 41917, 41959, 41996, 42311, 42600, 42606, 43026, 43130, 43197, 43647, 43888, 44260, 44636, 44660, 45215, 45375, 45452
46129, 46210, 46465, 47010, 47034, 47089, 47501, 47803, 48225, 48321, 49226, 49345, 49617, 49668, 49823, 49859, 49923, 50401, 50790, 50921
50972, 51124, 51356, 51659, 51912, 52048, 52078, 52265, 52502, 52659, 52865, 53032, 53070, 53094, 53258, 53452, 54169, 54320, 55003, 55121
55582, 56339, 56343, 56384, 57092, 57198, 57253, 57548, 57645, 57645, 57872, 57878, 58115, 58313, 58362, 58463, 58669, 58751, 59544, 59683
60014, 60076, 60209, 60607, 60673, 60723, 60920, 61071, 61210, 61556, 61557, 61659, 62034, 62275, 62473, 62479, 62809, 62855, 63042, 63544
63664, 64118, 64151, 64288, 64659, 64827, 64937, 65019, 65163, 65296, 66316, 66367, 66368, 66373, 66846, 66915, 67269, 67291, 67697, 67885
68024, 68602, 68687, 68783, 69101, 69213, 69798, 70107, 70108, 70160, 70644, 71042, 71163, 71507, 71549, 72004, 72052, 72107, 72754, 73318
73523, 73672, 73878, 73999, 74100, 74108, 74183, 74385, 74952, 75154, 75189, 75355, 75384, 75828, 76066, 76180, 76277, 76777, 76816, 77155
77263, 77938, 78036, 78039, 78208, 78235, 79146, 79161, 79694, 79908, 80126, 80356, 81160, 81287, 81355, 81435, 81973, 82322, 82365, 82597
82907, 82973, 83038, 83145, 83515, 83568, 83740, 83781, 83869, 84377, 84618, 84930, 85305, 85364, 85906, 86017, 86042, 86234, 86409, 86588
86604, 86650, 86758, 86935, 87271, 87494, 87806, 88463, 88495, 88588, 88621, 88702, 88851, 88918, 89147, 89588, 89656, 89659, 89709, 89849
89859, 90000, 90181, 91088, 91334, 91503, 91511, 91658, 92416, 92939, 93860, 94035, 94105, 94108, 94420, 94560, 94727, 95340, 95517, 95654
95728, 96696, 96928, 97277, 97416, 97450, 97597, 97834, 97884, 98414, 99188, 99571, 99687, 99784, 99936, 100087, 100269, 100436, 100689, 101006
101059, 101450, 101672, 101776, 101884, 101950, 102057, 102142, 102400, 102480, 102580, 102980, 103182, 103274, 103383, 103527, 103851, 104377, 104619, 104701
104821, 105557, 105879, 105991, 106326, 106645, 106717, 107332, 107399, 107488, 107493, 107856, 108082, 108089, 108289, 108639, 108775, 109267, 109492, 109704
109784, 110045, 110126, 110234, 110423, 111331, 111428, 111573, 111598, 111709, 111834, 111950, 112161, 112259, 113586, 113632, 113864, 113936, 113945, 114130
114139, 115095, 115150, 115157, 115172, 115378, 115437, 115515, 115649, 115882, 116408, 116465, 116946, 117465, 117861, 118257, 118442, 118747, 118768, 118879
119254, 119401, 119703, 120584, 121250, 121299, 121472, 121537, 122242, 122657, 122740, 123119, 123130, 123819, 123918, 123942, 124095, 124244, 124526, 124634
125317, 125379, 125470, 125474, 126098, 126180, 126217, 126983, 127312, 128104, 128396, 128772, 128831, 128986, 129164, 129187, 129241, 129717, 130457, 130842
131094, 131214, 131493, 131568, 131711, 131968, 132398, 132480, 132851, 132909, 133179, 133241, 133264, 133727, 133751, 133826, 133827, 134238, 134437, 134705
134874, 135149, 135327, 135753, 135758, 135871, 136349, 136857, 137170, 137231, 137390, 137596, 137938, 138026, 138056, 138113, 138551, 138712, 138825, 139178
139342, 139365, 139512, 140063, 140271, 140367, 140433, 140547, 140693, 140748, 141108, 141615, 141966, 142343, 142730, 143212, 143314, 143453, 143558, 143797
143851, 143898, 143907, 143944, 143959, 144062, 144214, 145300, 145304, 145707, 145869, 146118, 146308, 146339, 146440, 146703, 146786, 147110, 147261, 147501
147704, 147717, 148183, 148302, 148407, 148857, 149088, 149170, 149435, 149550, 149554, 150255, 150379, 150467, 150686, 150766, 151810, 151973, 152189, 152436
152768, 152819, 153216, 153452, 153553, 153706, 153756, 153863, 153891, 154281, 154448, 154491, 155047, 155123, 155143, 155392, 155648, 155667, 156058, 156068
156357, 156913, 156989, 157028, 157585, 157717, 158155, 158579, 158959, 159170, 159265, 159371, 159846, 159897, 160230, 160388, 161023, 161644, 162611, 163205
163443, 163716, 164041, 164144, 164186, 164280, 164406, 164459, 164938, 165368, 165471, 165726, 165788, 166189, 166612, 166652, 166665, 166964, 167597, 167652
167921, 167988, 168530, 168562, 168683, 168767, 168823, 169023, 169092, 169105, 169350, 169366, 170658, 170810, 170977, 171110, 171161, 171184, 171248, 171262
171428, 171437, 171633, 171639, 171652, 171729, 172287, 172761, 172965, 173121, 173310, 173506, 173688, 173742, 174354, 174524, 174549, 174556, 174662, 174665
174794, 174824, 175036, 175217, 175843, 176125, 176165, 176483, 176559, 176580, 176584, 176748, 176791, 176982, 177361, 177553, 178228, 178306, 178394, 178409
178680, 178714, 178972, 179715, 179772, 180695, 180800, 181191, 181385, 181441, 181452, 181541, 181689, 181953, 182078, 182143, 182246, 182334, 183135, 183225
183240, 183859, 184103, 184493, 184965, 185079, 185322, 185410, 185545, 186044, 186094, 186738, 186816, 186859, 186906, 187229, 187277, 187483, 187745, 188038
188746, 189026, 189690, 189991, 190269, 190504, 190737, 190964, 191107, 191251, 191269, 191295, 191403, 191510, 191682, 191744, 192120, 192856, 192967, 193119
193260, 193396, 193533, 193886, 193935, 193970, 194093, 194886, 194932, 194998, 195603, 195723, 195795, 196087, 196166, 196260, 196335, 196476, 196733, 196852
196894, 196916, 197321, 197512, 197809, 197848, 198201, 198405, 198655, 198770, 198837, 198839, 199052, 199907, 200407, 200525, 200549, 200558, 200661, 200671
200816, 200934, 201584, 201603, 201625, 202002, 202652, 202791, 202901, 202905, 202925, 203001, 203370, 203384, 203606, 203932, 203937, 204023, 204077, 204195
204340, 204888, 204895, 205046, 205105, 205303, 205376, 205381, 205594, 205749, 205757, 205782, 205955, 205998, 206290, 206600, 206611, 207120, 207162, 207595
207620, 208138, 208212, 208324, 208510, 208520, 208713, 209090, 209212, 209267, 209416, 210008, 210013, 210027, 210178, 210376, 210378, 210483, 210611, 210802
210922, 211338, 211368, 211972, 212078, 212087, 212625, 212684, 212721, 213209, 213296, 213352, 213607, 213694, 213763, 213845, 213859, 213988, 214206, 214267
214503, 214513, 214693, 214934, 215718, 215747, 216032, 216463, 216469, 216679, 216885, 217080, 217143, 217282, 217603, 219026, 219101, 219144, 219540, 219606
220035, 220420, 220924, 221316, 221442, 222004, 222085, 222197, 222205, 222215, 222547, 222598, 222619, 222947, 223020, 223395, 223995, 224303, 224666, 224744
225105, 225150, 225152, 225444, 226019, 226037, 226303, 226496, 226558, 226631, 226685, 226795, 226796, 226948, 226986, 227294, 227798, 227910, 228061, 228367
228828, 228940, 229266, 229898, 230517, 230554, 230590, 230699, 230713, 231369, 231856, 231971, 232259, 232349, 232396, 232578, 232645, 232687, 232691, 232729
232831, 233633, 233958, 234067, 234163, 234178, 234184, 234188, 234207, 234380, 234387, 234803, 235207, 235380, 235518, 236177, 236585, 236592, 236688, 236841
236889, 237329, 237402, 237654, 237712, 237848, 238033, 238347, 238391, 238425, 238577, 238694, 238749, 238787, 239757, 240477, 240916, 240989, 241024, 241299
241648, 241919, 242536, 242699, 242929, 243096, 243438, 244118, 244595, 245061, 245220, 245547, 246814, 246865, 246876, 247261, 247641, 247660, 247750, 247936
248133, 248197, 248206, 248214, 248330, 248799, 249052, 249145, 249208, 249385, 249727, 250118, 250584, 250598, 250645, 250781, 250869, 251031, 251108, 251179
251447, 251545, 251753, 251974, 252004, 252233, 253515, 253518, 253658, 253693, 253892, 254052, 254315, 254822, 254871, 254954, 255003, 255059, 255308, 255402
255426, 255659, 255873, 256100, 256209, 256527, 256544, 256712, 256864, 256878, 256915, 256938, 256968, 257000, 257243, 257264, 257621, 257659, 257831, 258627
258639, 259101, 259257, 259291, 259632, 259676, 259962, 260007, 260281, 260349, 260371, 260636, 260696, 260976, 261500, 261587, 261983, 261992, 262201, 262421
262455, 262473, 262627, 262931, 262962, 263120, 263184, 263768, 263898, 263908, 264471, 264574, 264969, 265273, 265552, 265724, 265798, 265976, 266137, 266593
266707, 267346, 267387, 267514, 267529, 267682, 267747, 267837, 268836, 269175, 269347, 269616, 269743, 269854, 269871, 270291, 270300, 270321, 270341, 270558
270586, 270802, 270876, 271277, 271351, 271579, 271963, 272348, 272363, 272368, 272420, 272981, 273365, 273445, 273541, 273618, 273620, 273854, 274556, 274565
274597, 274865, 275138, 275266, 275332, 275724, 276375, 276501, 277197, 277435, 277637, 277647, 278023, 278534, 278559, 278934, 279009, 279337, 280199, 280449
280518, 280814, 280953, 281115, 281126, 281341, 281912, 282105, 282115, 282118, 282245, 282347, 282395, 282398, 283065, 283095, 283134, 283471, 283573, 283833
283941, 284254, 284386, 284557, 284946, 284947, 285819, 285953, 285984, 286905, 286996, 287194, 287230, 287819, 288111, 288281, 288658, 288802, 288945, 289554
289862, 289934, 290024, 290063, 290418, 291049, 291253, 291279, 291280, 291533, 291728, 291751, 292205, 292437, 292573, 292645, 292728, 293266, 293751, 293753
293771, 293816, 294040, 294067, 294862, 295556, 295871, 296003, 296319, 297636, 297803, 298653, 298862, 298865, 299047, 299250, 299530, 299546, 299664, 299735
300088, 300172, 300399, 300850, 301038, 301588, 301867, 302057, 302437, 302438, 302521, 302521, 302550, 302653, 302679, 302798, 303130, 303226, 303544, 304142
304167, 304350, 304676, 304839, 304851, 305003, 305314, 305443, 306105, 306665, 307504, 307594, 307625, 307865, 308348, 308376, 308553, 308555, 308801, 309030
309070, 309071, 309117, 309345, 309635, 309654, 309752, 309817, 309832, 310047, 310507, 311104, 311129, 311228, 311478, 311685, 311745, 312346, 312751, 312986
313084, 313146, 313775, 314024, 314187, 314203, 314645, 314802, 315020, 315272, 315490, 315766, 315844, 316231, 316493, 316768, 316908, 316921, 317078, 317197
317482, 317606, 317772, 317920, 318104, 318697, 318748, 318874, 319062, 319426, 320197, 320429, 320604, 320812, 320976, 321362, 321381, 321416, 321595, 321836
322098, 322271, 322435, 323079, 323255, 323495, 324130, 324351, 324607, 324617, 324670, 324932, 325219, 325421, 325659, 325704, 326611, 326965, 326991, 327184
327303, 327421, 327559, 327596, 327640, 327661, 327772, 327947, 327962, 328552, 328587, 328942, 328969, 329137, 329352, 329424, 329446, 329539, 329554, 329675
329863, 330141, 330860, 330906, 331217, 331241, 331387, 331703, 331931, 332184, 332823, 333041, 333861, 334068, 334188, 334328, 334353, 334708, 334933, 335103
335163, 335194, 335351, 335957, 336337, 336353, 336359, 336436, 336669, 337241, 337348, 337870, 338151, 338163, 338442, 338671, 339028, 339151, 339164, 339197
339621, 339884, 340167, 340520, 340562, 340835, 340933, 341210, 341251, 341606, 341818, 341972, 342076, 342293, 342785, 343338, 343444, 343575, 343729, 343877
344241, 344264, 344331, 344404, 344417, 344454, 345184, 345199, 345575, 345701, 345705, 346113, 346406, 346924, 347373, 347690, 348209, 348292, 348311, 348503
348600, 348796, 349061, 349202, 349214, 349656, 350115, 350287, 350554, 350731, 350963, 351331, 351483, 351528, 351567, 351569, 351719, 351939, 352065, 352281
352692, 352967, 353091, 353164, 353291, 353389, 353852, 354079, 354269, 354568, 354712, 354771, 354794, 354867, 354917, 354997, 355089, 355730, 355794, 355810
356110, 356323, 356418, 356758, 357459, 358311, 358464, 358873, 358937, 358948, 359068, 359185, 359577, 359616, 359820, 359891, 360308, 360919, 360952, 361237
361404, 361404, 361438, 361593, 361826, 361859, 362286, 362309, 362621, 363136, 363502, 363582, 363622, 364028, 364087, 364139, 364294, 364735, 365114, 365199
365710, 365727, 365905, 366009, 366208, 366279, 366339, 366390, 366706, 366754, 367041, 367728, 368444, 368454, 369012, 369576, 369723, 370021, 370183, 370480
370827, 371021, 371248, 371442, 372020, 372079, 372447, 372645, 372664, 372958, 373115, 373202, 373213, 373463, 373473, 373608, 373755, 373851, 373854, 373894
373946, 374106, 374133, 374233, 374509, 374526, 374719, 375013, 375625, 375928, 375986, 376034, 376101, 376308, 376591, 376619, 377008, 377689, 377804, 378038
378170, 378346, 378657, 378750, 378948, 379247, 379350, 379817, 380259, 380401, 380567, 380743, 380807, 381113, 381258, 381890, 382660, 382973, 383083, 383111
383508, 383531, 383825, 384073, 384196, 384225, 384540, 384595, 384686, 385022, 385039, 385425, 385573, 385674, 386024, 386277, 386294, 386369, 386863, 387581
387903, 388484, 388805, 388843, 388958, 389378, 389420, 389752, 389851, 389981, 390251, 390451, 390506, 390950, 391006, 391323, 392022, 392376, 393096, 393336
393569, 393847, 394101, 394104, 394166, 394213, 394352, 394477, 394531, 394640, 395042, 395153, 395728, 396826, 397069, 397136, 397252, 397263, 397334, 397833
397926, 398207, 398209, 399459, 399833, 400333, 400536, 400639, 400655, 401673, 401827, 401944, 403332, 403397, 403887, 403968, 404535, 404896, 404935, 405457
405582, 405783, 405790, 405853, 405937, 406580, 406706, 406908, 407040, 407126, 407209, 407324, 407738, 407751, 408063, 408074, 408154, 408271, 408338, 408537
408742, 408935, 409379, 409379, 409752, 409990, 410242, 411641, 411883, 412340, 412351, 412796, 412883, 413268, 413431, 413473, 413498, 413605, 414341, 414574
414628, 414798, 414948, 415349, 415498, 415645, 415677, 416101, 416163, 416296, 416583, 416831, 416994, 417305, 417710, 418483, 418679, 418728, 418774, 418882
418912, 419331, 419383, 419834, 420172, 420650, 420823, 420829, 421048, 421096, 421669, 421761, 421863, 421902, 422086, 422286, 422741, 422918, 422940, 422980
423172, 423194, 423197, 423289, 423338, 423658, 423785, 424965, 425231, 425269, 425336, 425691, 425808, 425851, 425948, 426203, 426252, 426505, 426600, 426811
426898, 427052, 427363, 427628, 427823, 427861, 427881, 428200, 428562, 428747, 428872, 428888, 429025, 429171, 429779, 430112, 431097, 431167, 431470, 431629
432061, 432143, 432343, 433041, 433136, 433847, 433916, 433977, 434280, 434290, 434830, 435034, 435152, 435160, 435305, 435596, 435715, 435726, 435965, 435988
436195, 436640, 436841, 436855, 436971, 437126, 437272, 437411, 437811, 437867, 438240, 438279, 438574, 438616, 439261, 439339, 439646, 439713, 439905, 440091
440117, 440158, 440289, 440534, 440745, 441079, 441300, 441648, 441693, 442065, 442277, 442467, 442885, 442977, 442983, 443006, 443047, 443086, 443092, 443398
443473, 443549, 444364, 444528, 444662, 444810, 444994, 445104, 445192, 445313, 445429, 445793, 446340, 446774, 447011, 447015, 447139, 447226, 447304, 447430
447437, 447719, 448212, 448481, 448571, 448658, 449179, 449224, 449429, 449499, 449526, 449932, 450079, 450164, 450442, 450500, 450521, 450871, 451281, 451398
451621, 451653, 451871, 452096, 453055, 453186, 453654, 453826, 453959, 454333, 454487, 455395, 456091, 456104, 456306, 456990, 457137, 457310, 457531, 457547
457598, 457631, 457673, 457793, 458714, 458908, 459180, 459310, 459359, 459739, 459791, 459812, 460041, 460302, 460496, 460851, 461043, 461296, 461417, 461795
461954, 462148, 462362, 462426, 462436, 462486, 462569, 462576, 462871, 463044, 463292, 463334, 463353, 463710, 463756, 463800, 463979, 464343, 464459, 464556
464654, 464776, 464823, 464921, 465076, 465246, 465466, 465504, 465644, 465743, 465811, 466164, 466187, 466574, 467125, 467406, 467421, 467560, 467741, 467860
468114, 468690, 468805, 469343, 469345, 470351, 470368, 470586, 470837, 471075, 471338, 471418, 471593, 471663, 471849, 472013, 472433, 472848, 473055, 473142
473331, 473947, 474108, 474149, 474427, 474498, 475013, 475158, 475518, 475710, 476097, 476148, 476320, 476618, 476866, 477160, 477464, 477672, 477845, 478144
478960, 479061, 479186, 479412, 479514, 479530, 480061, 480231, 480786, 480933, 480971, 481150, 481325, 482143, 482425, 482538, 482613, 482635, 482650, 482737
482768, 482817, 483166, 483209, 483271, 483394, 483575, 483610, 483812, 483866, 483991, 484036, 484102, 484187, 484237, 484848, 484948, 485134, 485204, 485323
485408, 485494, 486120, 486491, 486975, 487339, 487573, 487676, 487735, 487809, 488175, 488348, 488551, 488569, 488732, 488920, 488945, 489123, 489139, 489228
489311, 489428, 489712, 489875, 490227, 490309, 490901, 491107, 491112, 491234, 491375, 491478, 491515, 492387, 492391, 492410, 492489, 492586, 492710, 493004
493183, 493223, 493568, 494131, 494299, 494488, 494700, 494785, 494812, 494817, 494885, 494916, 495754, 495840, 496160, 496431, 496472, 496500, 496520, 496603
498135, 498144, 498188, 498294, 498376, 498402, 498403, 498530, 498966, 499055, 499110, 499300, 499813, 500045, 500204, 500260, 500339, 500562, 500710, 500812
501011, 501020, 501089, 501166, 501529, 501647, 501704, 501777, 501873, 501959, 502004, 502742, 502765, 502768, 502816, 502868, 503258, 503339, 503411, 503920
503967, 504000, 504159, 504982, 505167, 505694, 506220, 506312, 506362, 506383, 506599, 506898, 507357, 508165, 508237, 508464, 508681, 508863, 509039, 509434
509768, 509848, 509858, 510486, 510771, 511151, 511264, 511298, 511413, 511652, 511857, 512054, 512100, 512355, 512414, 512685, 512850, 513160, 513313, 513438
513692, 514214, 514274, 514571, 514595, 514910, 514999, 515096, 515231, 515300, 515380, 515475, 515701, 515732, 516239, 516437, 516448, 516558, 516647, 516953
517132, 517333, 517786, 517979, 518090, 518101, 518754, 519530, 519759, 520129, 520249, 520307, 520696, 520699, 521025, 521323, 521353, 521476, 521516, 521547
521810, 521959, 521973, 522396, 523019, 523260, 523325, 523559, 523752, 524279, 524310, 524349, 524748, 524881, 525243, 525419, 525540, 525606, 525681, 526074
526106, 526204, 526209, 526320, 526380, 526523, 526575, 526583, 526615, 526709, 526828, 526880, 527242, 527254, 527257, 527500, 527868, 527868, 528755, 528813
528903, 529141, 529157, 529249, 529280, 529283, 529766, 529932, 530091, 530245, 530624, 530822, 531053, 531074, 531165, 531544, 532088, 532306, 532669, 532793
532900, 533013, 533146, 533292, 533434, 533509, 533596, 533810, 533925, 533951, 534149, 534173, 534228, 534265, 534664, 534763, 534930, 535401, 535509, 535656
535852, 536051, 536220, 536856, 537583, 537660, 538008, 538168, 538230, 538552, 538919, 539365, 539436, 539558, 539647, 539705, 540266, 540275, 540431, 540459
541008, 541193, 541426, 541955, 542094, 542226, 542304, 542697, 542879, 542927, 542982, 543109, 543545, 543632, 543695, 543782, 544223, 544307, 544375, 544434
Number of swaps: 28404
Number of comparisons: 25068
Recursion depth: 0
Max depth: 13
